$ANSIBLE_VAULT;1.1;AES256
62623537643131376333366532326538643231373032333833373663356263656466333866396635
3662316532613562623763356435303335613438383334370a393565303433383734376364356337
39326666393433663066393730663430333062633733316465303731396533353932643663663231
6530396138326665330a386232353930636331663565373430396364333338356431656465306434
62306463653531353433316639666333306236373962383130323837393134393639393636313235
37386230396262623434623263353961373739626438633831643164303637643430663439386362
65646135353433613461313131303133393438376531636231393339653234363539646231646266
65376335336664356263353634323839346337353436326166393862653936666130393861313031
38323035336365303835323861363561663666613365386435623534363534386237653337313432
38653764373766663664373030333531636334373534656164616632333561616537316637393331
63343239396465323035663461653266303639383965316464613961313435663636303931366436
36346566646366356462323931376165366231613864663465656466313062613566303066396430
38313463353731346538336438623837356264366230343964666362356233666665656233393033
6334646332303665386634616639623431623734336538623430
