$ANSIBLE_VAULT;1.1;AES256
62613134333262626361396634353261353965366665666266346537653830326634326566623761
6231303562336234643266373364373833646235343538610a613064653061343966666465663735
30376666326636303735353535336261313532353531336266313163386331313466333332613361
6633323439613163660a363263623032333938326639633533333861663531623661353530343533
63663964656238306663393430323764373837646364353334656133373431633562656437353266
64363366306430636639353032306130396661353161343831316436363832666663386636343564
32646332376431633961636337323735343732383730343534663561653633666165626366623038
34313737653633623764333263626364663635303634633864343162303434643436643332393833
30616131306332343532613063613161316333303839656431653639383739343736666535303331
66643934353266626364343535343338343039613166353130613939373731373332393065383932
30663363653630393133306262626139633730363939346166653231663239306232623866323762
32626663653539336166383566306463623839373733663437313064366130326464336534393364
30313264383937616434636561393633396431613234366234313136323736366265323961323836
30636136303264646133346237346235323537663735663139336638333031356537643763303533
34373737363535363466393330303638363365336261323265663037353838663635633335373632
65303061346133643065393066393836633030313834663165393062653039313764306631646663
62626337656331336636346432616231376661316136386663373261666338356336623565303439
31346164653566633839666565353965633431376235353630356261653762653630333666353832
36306235613962376438393332333136633735396362653537646532643338336364373530313562
38656565343436306661663632333863613030346562656264366637333535323636663630646666
35303862383466343565383931633737343861623234653362643631313063336138613064353034
62333639666361653337393835316439636530623130636339383034656537613530306537323766
356663653965373365303432356561646133
